date,confirmed,deaths,recovered,ts_in_secs,new_confirmed
2020-01-22,548,17,28,1579651200000000000,0.0
2020-01-23,643,18,30,1579737600000000000,95.0
2020-01-24,920,26,36,1579824000000000000,277.0
2020-01-25,1406,42,39,1579910400000000000,486.0
2020-01-26,2075,56,49,1579996800000000000,669.0
2020-01-27,2877,82,58,1580083200000000000,802.0
2020-01-28,5509,131,101,1580169600000000000,2632.0
2020-01-29,6087,133,120,1580256000000000000,578.0
2020-01-30,8141,171,135,1580342400000000000,2054.0
2020-01-31,9802,213,214,1580428800000000000,1661.0
2020-02-01,11891,259,275,1580515200000000000,2089.0
2020-02-02,16630,361,463,1580601600000000000,4739.0
2020-02-03,19716,425,614,1580688000000000000,3086.0
2020-02-04,23707,491,843,1580774400000000000,3991.0
2020-02-05,27440,563,1115,1580860800000000000,3733.0
2020-02-06,30587,633,1477,1580947200000000000,3147.0
2020-02-07,34110,718,1999,1581033600000000000,3523.0
2020-02-08,36814,805,2596,1581120000000000000,2704.0
2020-02-09,39829,905,3219,1581206400000000000,3015.0
2020-02-10,42354,1012,3918,1581292800000000000,2525.0
2020-02-11,44386,1112,4636,1581379200000000000,2032.0
2020-02-12,44759,1117,5082,1581465600000000000,373.0
2020-02-13,59895,1369,6217,1581552000000000000,15136.0
2020-02-14,66358,1521,7977,1581638400000000000,6463.0
2020-02-15,68413,1663,9298,1581724800000000000,2055.0
2020-02-16,70513,1766,10755,1581811200000000000,2100.0
2020-02-17,72434,1864,12462,1581897600000000000,1921.0
2020-02-18,74211,2003,14206,1581984000000000000,1777.0
2020-02-19,74619,2116,15962,1582070400000000000,408.0
2020-02-20,75077,2238,18014,1582156800000000000,458.0
2020-02-21,75550,2238,18704,1582243200000000000,473.0
2020-02-22,77001,2443,22699,1582329600000000000,1451.0
2020-02-23,77022,2445,23187,1582416000000000000,21.0
2020-02-24,77241,2595,25015,1582502400000000000,219.0
2020-02-25,77754,2665,27676,1582588800000000000,513.0
2020-02-26,78166,2717,30084,1582675200000000000,412.0
2020-02-27,78600,2746,32930,1582761600000000000,434.0
2020-02-28,78928,2790,36329,1582848000000000000,328.0
2020-02-29,79356,2837,39320,1582934400000000000,428.0
2020-03-01,79932,2872,42162,1583020800000000000,576.0
2020-03-02,80136,2914,44854,1583107200000000000,204.0
2020-03-03,80261,2947,47450,1583193600000000000,125.0
2020-03-04,80386,2983,50001,1583280000000000000,125.0
2020-03-05,80537,3015,52292,1583366400000000000,151.0
2020-03-06,80690,3044,53944,1583452800000000000,153.0
2020-03-07,80770,3072,55539,1583539200000000000,80.0
2020-03-08,80823,3100,57388,1583625600000000000,53.0
2020-03-09,80860,3123,58804,1583712000000000000,37.0
2020-03-10,80887,3139,60181,1583798400000000000,27.0
2020-03-11,80921,3161,61644,1583884800000000000,34.0
2020-03-12,80932,3172,62901,1583971200000000000,11.0
2020-03-13,80945,3180,64196,1584057600000000000,13.0
2020-03-14,80977,3193,65660,1584144000000000000,32.0
2020-03-15,81003,3203,67017,1584230400000000000,26.0
2020-03-16,81033,3217,67910,1584316800000000000,30.0
2020-03-17,81058,3230,68798,1584403200000000000,25.0
2020-03-18,81102,3241,69755,1584489600000000000,44.0
2020-03-19,81156,3249,70535,1584576000000000000,54.0
2020-03-20,81250,3253,71266,1584662400000000000,94.0
2020-03-21,81305,3259,71857,1584748800000000000,55.0
2020-03-22,81435,3274,72362,1584835200000000000,130.0
2020-03-23,81498,3274,72814,1584921600000000000,63.0
2020-03-24,81591,3281,73280,1585008000000000000,93.0
2020-03-25,81661,3285,73773,1585094400000000000,70.0
2020-03-26,81782,3291,74181,1585180800000000000,121.0
2020-03-27,81897,3296,74720,1585267200000000000,115.0
2020-03-28,81999,3299,75100,1585353600000000000,102.0
2020-03-29,82122,3304,75582,1585440000000000000,123.0
2020-03-30,82198,3308,75923,1585526400000000000,76.0
2020-03-31,82279,3309,76206,1585612800000000000,81.0
2020-04-01,82361,3316,76405,1585699200000000000,82.0
2020-04-02,82432,3322,76565,1585785600000000000,71.0
2020-04-03,82511,3326,76760,1585872000000000000,79.0
2020-04-04,82543,3330,76946,1585958400000000000,32.0
2020-04-05,82602,3333,77207,1586044800000000000,59.0
2020-04-06,82665,3335,77310,1586131200000000000,63.0
2020-04-07,82718,3335,77410,1586217600000000000,53.0
2020-04-08,82809,3337,77567,1586304000000000000,91.0
2020-04-09,82883,3339,77679,1586390400000000000,74.0
2020-04-10,82941,3340,77791,1586476800000000000,58.0
2020-04-11,83014,3343,77877,1586563200000000000,73.0
2020-04-12,83134,3343,77956,1586649600000000000,120.0
2020-04-13,83213,3345,78039,1586736000000000000,79.0
2020-04-14,83306,3345,78200,1586822400000000000,93.0
2020-04-15,83356,3346,78311,1586908800000000000,50.0
2020-04-16,83403,3346,78401,1586995200000000000,47.0
2020-04-17,83760,4636,77552,1587081600000000000,357.0
2020-04-18,83787,4636,77614,1587168000000000000,27.0
2020-04-19,83805,4636,77690,1587254400000000000,18.0
2020-04-20,83817,4636,77745,1587340800000000000,12.0
2020-04-21,83853,4636,77799,1587427200000000000,36.0
2020-04-22,83868,4636,77861,1587513600000000000,15.0
2020-04-23,83884,4636,77983,1587600000000000000,16.0
2020-04-24,83899,4636,78109,1587686400000000000,15.0
2020-04-25,83909,4636,78175,1587772800000000000,10.0
2020-04-26,83912,4637,78277,1587859200000000000,3.0
2020-04-27,83918,4637,78374,1587945600000000000,6.0
2020-04-28,83940,4637,78422,1588032000000000000,22.0
2020-04-29,83944,4637,78474,1588118400000000000,4.0
2020-04-30,83956,4637,78523,1588204800000000000,12.0
2020-05-01,83959,4637,78573,1588291200000000000,3.0
2020-05-02,83959,4637,78586,1588377600000000000,0.0
2020-05-03,83964,4637,78684,1588464000000000000,5.0
2020-05-04,83966,4637,78792,1588550400000000000,2.0
2020-05-05,83968,4637,78870,1588636800000000000,2.0
2020-05-06,83970,4637,78929,1588723200000000000,2.0
2020-05-07,83975,4637,78977,1588809600000000000,5.0
2020-05-08,83976,4637,78993,1588896000000000000,1.0
2020-05-09,83990,4637,79127,1588982400000000000,14.0
2020-05-10,84010,4637,79167,1589068800000000000,20.0
2020-05-11,84011,4637,79198,1589155200000000000,1.0
2020-05-12,84018,4637,79222,1589241600000000000,7.0
2020-05-13,84024,4637,79246,1589328000000000000,6.0
2020-05-14,84029,4637,79261,1589414400000000000,5.0
2020-05-15,84038,4637,79281,1589500800000000000,9.0
2020-05-16,84044,4638,79293,1589587200000000000,6.0
2020-05-17,84054,4638,79306,1589673600000000000,10.0
2020-05-18,84063,4638,79310,1589760000000000000,9.0
2020-05-19,84063,4638,79310,1589846400000000000,0.0
2020-05-20,84063,4638,79310,1589932800000000000,0.0
2020-05-21,84063,4638,79310,1590019200000000000,0.0
2020-05-22,84081,4638,79332,1590105600000000000,18.0
2020-05-23,84084,4638,79335,1590192000000000000,3.0
2020-05-24,84095,4638,79343,1590278400000000000,11.0
2020-05-25,84102,4638,79352,1590364800000000000,7.0
2020-05-26,84103,4638,79358,1590451200000000000,1.0
2020-05-27,84106,4638,79367,1590537600000000000,3.0
2020-05-28,84106,4638,79371,1590624000000000000,0.0
2020-05-29,84123,4638,79382,1590710400000000000,17.0
2020-05-30,84128,4638,79386,1590796800000000000,5.0
2020-05-31,84146,4638,79389,1590883200000000000,18.0
2020-06-01,84154,4638,79398,1590969600000000000,8.0
2020-06-02,84161,4638,79400,1591056000000000000,7.0
2020-06-03,84160,4638,79404,1591142400000000000,-1.0
2020-06-04,84171,4638,79415,1591228800000000000,11.0
2020-06-05,84177,4638,79420,1591315200000000000,6.0
2020-06-06,84186,4638,79424,1591401600000000000,9.0
2020-06-07,84191,4638,79434,1591488000000000000,5.0
2020-06-08,84195,4638,79444,1591574400000000000,4.0
2020-06-09,84198,4638,79451,1591660800000000000,3.0
2020-06-10,84209,4638,79456,1591747200000000000,11.0
2020-06-11,84216,4638,79464,1591833600000000000,7.0
2020-06-12,84228,4638,79472,1591920000000000000,12.0
2020-06-13,84286,4638,79475,1592006400000000000,58.0
2020-06-14,84335,4638,79482,1592092800000000000,49.0
2020-06-15,84378,4638,79489,1592179200000000000,43.0
2020-06-16,84422,4638,79493,1592265600000000000,44.0
2020-06-17,84458,4638,79510,1592352000000000000,36.0
2020-06-18,84494,4638,79515,1592438400000000000,36.0
2020-06-19,84494,4638,79515,1592524800000000000,0.0
2020-06-20,84553,4639,79534,1592611200000000000,59.0
2020-06-21,84572,4639,79535,1592697600000000000,19.0
2020-06-22,84624,4639,79547,1592784000000000000,52.0
2020-06-23,84653,4640,79555,1592870400000000000,29.0
2020-06-24,84673,4640,79562,1592956800000000000,20.0
2020-06-25,84701,4641,79572,1593043200000000000,28.0
2020-06-26,84725,4641,79580,1593129600000000000,24.0
2020-06-27,84743,4641,79591,1593216000000000000,18.0
2020-06-28,84757,4641,79609,1593302400000000000,14.0
2020-06-29,84780,4641,79619,1593388800000000000,23.0
2020-06-30,84785,4641,79632,1593475200000000000,5.0
2020-07-01,84816,4641,79650,1593561600000000000,31.0
2020-07-02,84830,4641,79665,1593648000000000000,14.0
2020-07-03,84838,4641,79680,1593734400000000000,8.0
2020-07-04,84857,4641,79706,1593820800000000000,19.0
2020-07-05,84871,4641,79718,1593907200000000000,14.0
2020-07-06,84889,4641,79725,1593993600000000000,18.0
2020-07-07,84917,4641,79754,1594080000000000000,28.0
2020-07-08,84950,4641,79802,1594166400000000000,33.0
2020-07-09,84992,4641,79802,1594252800000000000,42.0
2020-07-10,84992,4641,79802,1594339200000000000,0.0
2020-07-11,85071,4641,79876,1594425600000000000,79.0
2020-07-12,85117,4641,79907,1594512000000000000,46.0
2020-07-13,85117,4641,79907,1594598400000000000,0.0
2020-07-14,85226,4642,79967,1594684800000000000,109.0
2020-07-15,85246,4644,80005,1594771200000000000,20.0
2020-07-16,85327,4644,80038,1594857600000000000,81.0
2020-07-17,85402,4645,80064,1594944000000000000,75.0
2020-07-18,85418,4646,80092,1595030400000000000,16.0
2020-07-19,85503,4646,80137,1595116800000000000,85.0
2020-07-20,85622,4646,80162,1595203200000000000,119.0
2020-07-21,85708,4648,80204,1595289600000000000,86.0
2020-07-22,85906,4648,80244,1595376000000000000,198.0
2020-07-23,86045,4649,80297,1595462400000000000,139.0
2020-07-24,86202,4650,80341,1595548800000000000,157.0
2020-07-25,86381,4652,80409,1595635200000000000,179.0
2020-07-26,86570,4652,80459,1595721600000000000,189.0
2020-07-27,86783,4656,80466,1595808000000000000,213.0
2020-07-28,86990,4657,80517,1595894400000000000,207.0
2020-07-29,87213,4658,80594,1595980800000000000,223.0
2020-07-30,87489,4659,80680,1596067200000000000,276.0
2020-07-31,87655,4661,80787,1596153600000000000,166.0
2020-08-01,87827,4667,80907,1596240000000000000,172.0
2020-08-02,87985,4669,81018,1596326400000000000,158.0
2020-08-03,88099,4672,81113,1596412800000000000,114.0
2020-08-04,88206,4676,81234,1596499200000000000,107.0
2020-08-05,88328,4677,81417,1596585600000000000,122.0
2020-08-06,88460,4680,81592,1596672000000000000,132.0
2020-08-07,88580,4681,81788,1596758400000000000,120.0
2020-08-08,88672,4681,81969,1596844800000000000,92.0
2020-08-09,88793,4686,82125,1596931200000000000,121.0
2020-08-10,88906,4689,82247,1597017600000000000,113.0
2020-08-11,88958,4693,82440,1597104000000000000,52.0
2020-08-12,89045,4697,82633,1597190400000000000,87.0
2020-08-13,89144,4700,82804,1597276800000000000,99.0
2020-08-14,89214,4701,82956,1597363200000000000,70.0
2020-08-15,89279,4703,83108,1597449600000000000,65.0
2020-08-16,89375,4703,83200,1597536000000000000,96.0
2020-08-17,89441,4703,83283,1597622400000000000,66.0
2020-08-18,89494,4705,83408,1597708800000000000,53.0
2020-08-19,89527,4706,83566,1597795200000000000,33.0
2020-08-20,89567,4709,83663,1597881600000000000,40.0
2020-08-21,89616,4709,83793,1597968000000000000,49.0
2020-08-22,89654,4711,83924,1598054400000000000,38.0
2020-08-23,89695,4711,83988,1598140800000000000,41.0
2020-08-24,89718,4711,84058,1598227200000000000,23.0
2020-08-25,89752,4712,84168,1598313600000000000,34.0
2020-08-26,89784,4713,84251,1598400000000000000,32.0
2020-08-27,89814,4715,84335,1598486400000000000,30.0
2020-08-28,89836,4718,84419,1598572800000000000,22.0
2020-08-29,89863,4721,84484,1598659200000000000,27.0
2020-08-30,89895,4722,84546,1598745600000000000,32.0
2020-08-31,89914,4723,84594,1598832000000000000,19.0
2020-09-01,89933,4724,84652,1598918400000000000,19.0
2020-09-02,89953,4727,84695,1599004800000000000,20.0
2020-09-03,89986,4728,84737,1599091200000000000,33.0
2020-09-04,90008,4728,84782,1599177600000000000,22.0
2020-09-05,90025,4728,84837,1599264000000000000,17.0
2020-09-06,90058,4730,84873,1599350400000000000,33.0
2020-09-07,90078,4732,84900,1599436800000000000,20.0
2020-09-08,90087,4733,84932,1599523200000000000,9.0
2020-09-09,90100,4733,84957,1599609600000000000,13.0
2020-09-10,90127,4733,85005,1599696000000000000,27.0
2020-09-11,90145,4733,85025,1599782400000000000,18.0
2020-09-12,90168,4734,85054,1599868800000000000,23.0
2020-09-13,90197,4734,85086,1599955200000000000,29.0
2020-09-14,90219,4735,85101,1600041600000000000,22.0
2020-09-15,90235,4736,85129,1600128000000000000,16.0
2020-09-16,90253,4736,85155,1600214400000000000,18.0
2020-09-17,90294,4736,85181,1600300800000000000,41.0
2020-09-18,90311,4737,85204,1600387200000000000,17.0
2020-09-19,90334,4737,85226,1600473600000000000,23.0
2020-09-20,90369,4737,85239,1600560000000000000,35.0
2020-09-21,90381,4737,85257,1600646400000000000,12.0
2020-09-22,90399,4737,85275,1600732800000000000,18.0
2020-09-23,90409,4738,85304,1600819200000000000,10.0
2020-09-24,90424,4738,85323,1600905600000000000,15.0
2020-09-25,90441,4739,85343,1600992000000000000,17.0
2020-09-26,90456,4739,85360,1601078400000000000,15.0
2020-09-27,90483,4739,85381,1601164800000000000,27.0
2020-09-28,90505,4739,85398,1601251200000000000,22.0
2020-09-29,90528,4739,85423,1601337600000000000,23.0
2020-09-30,90545,4739,85460,1601424000000000000,17.0
2020-10-01,90567,4739,85479,1601510400000000000,22.0
2020-10-02,90584,4739,85494,1601596800000000000,17.0
2020-10-03,90604,4739,85511,1601683200000000000,20.0
2020-10-04,90629,4739,85530,1601769600000000000,25.0
2020-10-05,90652,4739,85540,1601856000000000000,23.0
2020-10-06,90667,4739,85566,1601942400000000000,15.0
2020-10-07,90687,4739,85588,1602028800000000000,20.0
2020-10-08,90728,4739,85612,1602115200000000000,41.0
2020-10-09,90751,4739,85641,1602201600000000000,23.0
2020-10-10,90778,4739,85658,1602288000000000000,27.0
2020-10-11,90812,4739,85669,1602374400000000000,34.0
2020-10-12,90830,4739,85690,1602460800000000000,18.0
2020-10-13,90858,4739,85707,1602547200000000000,28.0
2020-10-14,90869,4739,85720,1602633600000000000,11.0
2020-10-15,90905,4739,85743,1602720000000000000,36.0
2020-10-16,90925,4739,85762,1602806400000000000,20.0
2020-10-17,90955,4739,85791,1602892800000000000,30.0
2020-10-18,90972,4739,85819,1602979200000000000,17.0
2020-10-19,91006,4739,85840,1603065600000000000,34.0
2020-10-20,91022,4739,85873,1603152000000000000,16.0
2020-10-21,91044,4739,85899,1603238400000000000,22.0
2020-10-22,91073,4739,85929,1603324800000000000,29.0
2020-10-23,91108,4739,85950,1603411200000000000,35.0
2020-10-24,91128,4739,85974,1603497600000000000,20.0
2020-10-25,91151,4739,86002,1603584000000000000,23.0
2020-10-26,91175,4739,86018,1603670400000000000,24.0
2020-10-27,91222,4739,86031,1603756800000000000,47.0
2020-10-28,91271,4739,86049,1603843200000000000,49.0
2020-10-29,91299,4739,86082,1603929600000000000,28.0
2020-10-30,91339,4739,86111,1604016000000000000,40.0
2020-10-31,91366,4739,86135,1604102400000000000,27.0
2020-11-01,91397,4739,86162,1604188800000000000,31.0
2020-11-02,91452,4739,86189,1604275200000000000,55.0
2020-11-03,91478,4739,86212,1604361600000000000,26.0
2020-11-04,91509,4740,86241,1604448000000000000,31.0
2020-11-05,91552,4741,86264,1604534400000000000,43.0
2020-11-06,91591,4741,86301,1604620800000000000,39.0
2020-11-07,91622,4741,86344,1604707200000000000,31.0
2020-11-08,91665,4741,86369,1604793600000000000,43.0
2020-11-09,91693,4741,86393,1604880000000000000,28.0
2020-11-10,91719,4742,86421,1604966400000000000,26.0
2020-11-11,91752,4742,86451,1605052800000000000,33.0
2020-11-12,91783,4742,86488,1605139200000000000,31.0
2020-11-13,91807,4742,86518,1605225600000000000,24.0
2020-11-14,91828,4742,86543,1605312000000000000,21.0
2020-11-15,91850,4742,86572,1605398400000000000,22.0
2020-11-16,91872,4742,86616,1605484800000000000,22.0
2020-11-17,91885,4742,86667,1605571200000000000,13.0
2020-11-18,91906,4742,86700,1605657600000000000,21.0
2020-11-19,91935,4742,86727,1605744000000000000,29.0
2020-11-20,91977,4742,86751,1605830400000000000,42.0
2020-11-21,92037,4742,86769,1605916800000000000,60.0
2020-11-22,92116,4742,86792,1606003200000000000,79.0
2020-11-23,92211,4742,86816,1606089600000000000,95.0
2020-11-24,92296,4742,86847,1606176000000000000,85.0
2020-11-25,92402,4742,86888,1606262400000000000,106.0
2020-11-26,92488,4742,86900,1606348800000000000,86.0
2020-11-27,92586,4742,86937,1606435200000000000,98.0
2020-11-28,92681,4743,86968,1606521600000000000,95.0
2020-11-29,92814,4743,86998,1606608000000000000,133.0
2020-11-30,92902,4743,87017,1606694400000000000,88.0
